COVERAGE VIOLATION REPORT
================================================================================
Total demand pairs checked: 38186
Total violations: 0
Overall violation ratio: 0.000000

Per-slot summary:
 slot  demand_pairs  violations  violation_ratio
    1             6           0              0.0
    2             4           0              0.0
    3             2           0              0.0
    4             2           0              0.0
    5             5           0              0.0
    6             2           0              0.0
    7             1           0              0.0
    8             1           0              0.0
    9             3           0              0.0
   10             2           0              0.0
   11             3           0              0.0
   12             1           0              0.0
   13             4           0              0.0
   14             3           0              0.0
   15             4           0              0.0
   16             3           0              0.0
   17             2           0              0.0
   18             1           0              0.0
   19             1           0              0.0
   20             3           0              0.0
   21             2           0              0.0
   22             3           0              0.0
   23             3           0              0.0
   24             2           0              0.0
   25             4           0              0.0
   26             2           0              0.0
   27             5           0              0.0
   28             2           0              0.0
   29             9           0              0.0
   30             4           0              0.0
   31             6           0              0.0
   32             4           0              0.0
   33             8           0              0.0
   34             1           0              0.0
   35             4           0              0.0
   36             8           0              0.0
   37             3           0              0.0
   38             3           0              0.0
   39             3           0              0.0
   40             6           0              0.0
   41             4           0              0.0
   42             6           0              0.0
   43             2           0              0.0
   44             1           0              0.0
   45             4           0              0.0
   46             5           0              0.0
   47             6           0              0.0
   48             2           0              0.0
   49             2           0              0.0
   50             4           0              0.0
   51             4           0              0.0
   52            11           0              0.0
   53             4           0              0.0
   54             1           0              0.0
   55             8           0              0.0
   56             4           0              0.0
   57             4           0              0.0
   58             7           0              0.0
   59             5           0              0.0
   60             4           0              0.0
   61             2           0              0.0
   62             2           0              0.0
   63             4           0              0.0
   64             6           0              0.0
   65            11           0              0.0
   66             9           0              0.0
   67            14           0              0.0
   68             7           0              0.0
   69             7           0              0.0
   70             9           0              0.0
   71             2           0              0.0
   72            10           0              0.0
   73             1           0              0.0
   74             2           0              0.0
   75             3           0              0.0
   76             1           0              0.0
   77             7           0              0.0
   78             3           0              0.0
   79            12           0              0.0
   80            10           0              0.0
   81             9           0              0.0
   82            10           0              0.0
   83             7           0              0.0
   84             1           0              0.0
   85             5           0              0.0
   86             5           0              0.0
   87             5           0              0.0
   88             4           0              0.0
   89             5           0              0.0
   90             7           0              0.0
   91             9           0              0.0
   92             9           0              0.0
   93             9           0              0.0
   94             7           0              0.0
   95             5           0              0.0
   96            11           0              0.0
   97             8           0              0.0
   98             5           0              0.0
   99             6           0              0.0
  100             3           0              0.0
  101             4           0              0.0
  102             4           0              0.0
  103             4           0              0.0
  104             1           0              0.0
  105            11           0              0.0
  106            12           0              0.0
  107             8           0              0.0
  108            11           0              0.0
  109             8           0              0.0
  110             4           0              0.0
  111             7           0              0.0
  112             6           0              0.0
  113             7           0              0.0
  114             9           0              0.0
  115            12           0              0.0
  116            10           0              0.0
  117             8           0              0.0
  118             6           0              0.0
  119             7           0              0.0
  120            11           0              0.0
  121             7           0              0.0
  122             9           0              0.0
  123             5           0              0.0
  124             3           0              0.0
  125             9           0              0.0
  126             7           0              0.0
  127             4           0              0.0
  128             2           0              0.0
  129             8           0              0.0
  130             4           0              0.0
  131             3           0              0.0
  132             5           0              0.0
  133             5           0              0.0
  134             4           0              0.0
  135            10           0              0.0
  136            10           0              0.0
  137             4           0              0.0
  138             5           0              0.0
  139             5           0              0.0
  140             2           0              0.0
  141             4           0              0.0
  142             5           0              0.0
  143             3           0              0.0
  144             5           0              0.0
  145             3           0              0.0
  146             1           0              0.0
  147             5           0              0.0
  148             5           0              0.0
  149             6           0              0.0
  150             4           0              0.0
  151             8           0              0.0
  152             7           0              0.0
  153             4           0              0.0
  154            12           0              0.0
  155             9           0              0.0
  156             5           0              0.0
  157             1           0              0.0
  158             3           0              0.0
  159             2           0              0.0
  160             6           0              0.0
  161             9           0              0.0
  162             5           0              0.0
  163             2           0              0.0
  164             8           0              0.0
  165             8           0              0.0
  166             4           0              0.0
  167             4           0              0.0
  168             6           0              0.0
  169             9           0              0.0
  170             8           0              0.0
  171            11           0              0.0
  172             6           0              0.0
  173             5           0              0.0
  174             7           0              0.0
  175            12           0              0.0
  176             9           0              0.0
  177             4           0              0.0
  178             6           0              0.0
  179             6           0              0.0
  180             2           0              0.0
  181             6           0              0.0
  182             7           0              0.0
  183             6           0              0.0
  184             7           0              0.0
  185             7           0              0.0
  186             6           0              0.0
  187             1           0              0.0
  188             4           0              0.0
  189             2           0              0.0
  190             7           0              0.0
  191             7           0              0.0
  192            14           0              0.0
  193             6           0              0.0
  194             4           0              0.0
  195             8           0              0.0
  196            10           0              0.0
  197            12           0              0.0
  198             3           0              0.0
  199             8           0              0.0
  200             6           0              0.0
  201             7           0              0.0
  202             8           0              0.0
  203             7           0              0.0
  204            11           0              0.0
  205             7           0              0.0
  206             2           0              0.0
  207             5           0              0.0
  208             5           0              0.0
  209             6           0              0.0
  210            11           0              0.0
  211             7           0              0.0
  212             3           0              0.0
  213             3           0              0.0
  214             5           0              0.0
  215             6           0              0.0
  216             9           0              0.0
  217            12           0              0.0
  218             8           0              0.0
  219            10           0              0.0
  220             6           0              0.0
  221             7           0              0.0
  222             9           0              0.0
  223            12           0              0.0
  224             7           0              0.0
  225             6           0              0.0
  226             6           0              0.0
  227             6           0              0.0
  228             8           0              0.0
  229             6           0              0.0
  230            11           0              0.0
  231             5           0              0.0
  232             9           0              0.0
  233             7           0              0.0
  234             7           0              0.0
  235             1           0              0.0
  236             6           0              0.0
  237             9           0              0.0
  238             9           0              0.0
  239             7           0              0.0
  240             4           0              0.0
  241             5           0              0.0
  242             7           0              0.0
  243             6           0              0.0
  244             4           0              0.0
  245             7           0              0.0
  246             6           0              0.0
  247            10           0              0.0
  248            12           0              0.0
  249             9           0              0.0
  250             8           0              0.0
  251             5           0              0.0
  252            14           0              0.0
  253            10           0              0.0
  254            13           0              0.0
  255             9           0              0.0
  256             3           0              0.0
  257             3           0              0.0
  258             8           0              0.0
  259             9           0              0.0
  260             4           0              0.0
  261            15           0              0.0
  262             7           0              0.0
  263            10           0              0.0
  264             8           0              0.0
  265            14           0              0.0
  266            21           0              0.0
  267             9           0              0.0
  268             6           0              0.0
  269            11           0              0.0
  270            12           0              0.0
  271             9           0              0.0
  272             6           0              0.0
  273            12           0              0.0
  274            13           0              0.0
  275             7           0              0.0
  276             8           0              0.0
  277             6           0              0.0
  278             8           0              0.0
  279            15           0              0.0
  280            11           0              0.0
  281            20           0              0.0
  282            23           0              0.0
  283            12           0              0.0
  284            15           0              0.0
  285             2           0              0.0
  286            12           0              0.0
  287            21           0              0.0
  288             8           0              0.0
  289            14           0              0.0
  290            11           0              0.0
  291            11           0              0.0
  292             6           0              0.0
  293             8           0              0.0
  294             9           0              0.0
  295            13           0              0.0
  296            12           0              0.0
  297            12           0              0.0
  298             5           0              0.0
  299             7           0              0.0
  300            15           0              0.0
  301            21           0              0.0
  302            16           0              0.0
  303            12           0              0.0
  304            14           0              0.0
  305             9           0              0.0
  306             7           0              0.0
  307            14           0              0.0
  308            15           0              0.0
  309            13           0              0.0
  310            14           0              0.0
  311            11           0              0.0
  312            12           0              0.0
  313             7           0              0.0
  314            15           0              0.0
  315            14           0              0.0
  316            11           0              0.0
  317             8           0              0.0
  318             9           0              0.0
  319             4           0              0.0
  320             9           0              0.0
  321            13           0              0.0
  322             6           0              0.0
  323             9           0              0.0
  324            10           0              0.0
  325            10           0              0.0
  326             5           0              0.0
  327             4           0              0.0
  328            11           0              0.0
  329            12           0              0.0
  330             6           0              0.0
  331             8           0              0.0
  332             7           0              0.0
  333             9           0              0.0
  334             7           0              0.0
  335             9           0              0.0
  336            12           0              0.0
  337            11           0              0.0
  338             5           0              0.0
  339            10           0              0.0
  340             5           0              0.0
  341             7           0              0.0
  342             8           0              0.0
  343            13           0              0.0
  344             8           0              0.0
  345            12           0              0.0
  346            11           0              0.0
  347             7           0              0.0
  348             9           0              0.0
  349            18           0              0.0
  350            10           0              0.0
  351             6           0              0.0
  352             1           0              0.0
  353             2           0              0.0
  354            12           0              0.0
  355             4           0              0.0
  356            10           0              0.0
  357             5           0              0.0
  358            12           0              0.0
  359             4           0              0.0
  360             5           0              0.0
  361             5           0              0.0
  362             7           0              0.0
  363             8           0              0.0
  364             3           0              0.0
  365             3           0              0.0
  366             2           0              0.0
  367             6           0              0.0
  368             6           0              0.0
  369             5           0              0.0
  370             4           0              0.0
  371             5           0              0.0
  372             4           0              0.0
  373             8           0              0.0
  374             8           0              0.0
  375             3           0              0.0
  376            10           0              0.0
  377             4           0              0.0
  378             8           0              0.0
  379             7           0              0.0
  380             9           0              0.0
  381             4           0              0.0
  382             8           0              0.0
  383            14           0              0.0
  384             4           0              0.0
  385             7           0              0.0
  386             5           0              0.0
  387            14           0              0.0
  388            10           0              0.0
  389             5           0              0.0
  390             7           0              0.0
  391            12           0              0.0
  392             3           0              0.0
  393             4           0              0.0
  394            13           0              0.0
  395             8           0              0.0
  396            12           0              0.0
  397             7           0              0.0
  398             8           0              0.0
  399             6           0              0.0
  400             6           0              0.0
  401             6           0              0.0
  402            14           0              0.0
  403            13           0              0.0
  404             8           0              0.0
  405             7           0              0.0
  406             5           0              0.0
  407            13           0              0.0
  408            24           0              0.0
  409            33           0              0.0
  410            34           0              0.0
  411            23           0              0.0
  412             8           0              0.0
  413             5           0              0.0
  414            10           0              0.0
  415            13           0              0.0
  416             9           0              0.0
  417            14           0              0.0
  418             1           0              0.0
  419            26           0              0.0
  420             9           0              0.0
  421            18           0              0.0
  422            10           0              0.0
  423            15           0              0.0
  424            10           0              0.0
  425            17           0              0.0
  426             6           0              0.0
  427             6           0              0.0
  428             4           0              0.0
  429             4           0              0.0
  430             9           0              0.0
  431             8           0              0.0
  432             4           0              0.0
  433             2           0              0.0
  434             5           0              0.0
  435             7           0              0.0
  436             6           0              0.0
  437             4           0              0.0
  438            10           0              0.0
  439             5           0              0.0
  440             6           0              0.0
  441            11           0              0.0
  442             8           0              0.0
  443            10           0              0.0
  444             9           0              0.0
  445            11           0              0.0
  446             8           0              0.0
  447            15           0              0.0
  448            15           0              0.0
  449             9           0              0.0
  450             9           0              0.0
  451            18           0              0.0
  452            11           0              0.0
  453             7           0              0.0
  454            10           0              0.0
  455            12           0              0.0
  456             1           0              0.0
  457             5           0              0.0
  458            18           0              0.0
  459             4           0              0.0
  460            10           0              0.0
  461            12           0              0.0
  462             9           0              0.0
  463             9           0              0.0
  464             4           0              0.0
  465            11           0              0.0
  466             9           0              0.0
  467             7           0              0.0
  468            12           0              0.0
  469             9           0              0.0
  470             5           0              0.0
  471             5           0              0.0
  472            12           0              0.0
  473            11           0              0.0
  474            23           0              0.0
  475            15           0              0.0
  476             9           0              0.0
  477             5           0              0.0
  478             6           0              0.0
  479            13           0              0.0
  480            15           0              0.0
  481            16           0              0.0
  482            11           0              0.0
  483             9           0              0.0
  484             7           0              0.0
  485             9           0              0.0
  486            13           0              0.0
  487            10           0              0.0
  488            25           0              0.0
  489             9           0              0.0
  490             9           0              0.0
  491            11           0              0.0
  492             4           0              0.0
  493             7           0              0.0
  494            19           0              0.0
  495            15           0              0.0
  496            10           0              0.0
  497            15           0              0.0
  498            13           0              0.0
  499             7           0              0.0
  500            16           0              0.0
  501            17           0              0.0
  502            19           0              0.0
  503            13           0              0.0
  504            18           0              0.0
  505             8           0              0.0
  506             8           0              0.0
  507            13           0              0.0
  508            17           0              0.0
  509            22           0              0.0
  510            19           0              0.0
  511            15           0              0.0
  512            14           0              0.0
  513            13           0              0.0
  514            12           0              0.0
  515            20           0              0.0
  516             9           0              0.0
  517            10           0              0.0
  518             9           0              0.0
  519             6           0              0.0
  520            13           0              0.0
  521            19           0              0.0
  522            16           0              0.0
  523            21           0              0.0
  524            12           0              0.0
  525            15           0              0.0
  526             6           0              0.0
  527             5           0              0.0
  528            16           0              0.0
  529            16           0              0.0
  530            10           0              0.0
  531            22           0              0.0
  532            14           0              0.0
  533             6           0              0.0
  534             7           0              0.0
  535            10           0              0.0
  536            14           0              0.0
  537            10           0              0.0
  538            13           0              0.0
  539             8           0              0.0
  540            11           0              0.0
  541             7           0              0.0
  542            15           0              0.0
  543            18           0              0.0
  544            18           0              0.0
  545            19           0              0.0
  546             6           0              0.0
  547             4           0              0.0
  548             6           0              0.0
  549            10           0              0.0
  550            17           0              0.0
  551            17           0              0.0
  552            11           0              0.0
  553            10           0              0.0
  554             3           0              0.0
  555             9           0              0.0
  556            15           0              0.0
  557            15           0              0.0
  558            11           0              0.0
  559             5           0              0.0
  560            16           0              0.0
  561            13           0              0.0
  562            12           0              0.0
  563            15           0              0.0
  564            15           0              0.0
  565            17           0              0.0
  566            20           0              0.0
  567            15           0              0.0
  568            10           0              0.0
  569             7           0              0.0
  570            16           0              0.0
  571            24           0              0.0
  572            18           0              0.0
  573            16           0              0.0
  574             9           0              0.0
  575             8           0              0.0
  576             5           0              0.0
  577            21           0              0.0
  578            29           0              0.0
  579            21           0              0.0
  580            18           0              0.0
  581            17           0              0.0
  582             6           0              0.0
  583             8           0              0.0
  584            20           0              0.0
  585            24           0              0.0
  586            21           0              0.0
  587            18           0              0.0
  588            20           0              0.0
  589            11           0              0.0
  590            10           0              0.0
  591            24           0              0.0
  592            29           0              0.0
  593            28           0              0.0
  594            12           0              0.0
  595            20           0              0.0
  596             7           0              0.0
  597            12           0              0.0
  598            28           0              0.0
  599            22           0              0.0
  600            22           0              0.0
  601            19           0              0.0
  602            17           0              0.0
  603            16           0              0.0
  604            15           0              0.0
  605            13           0              0.0
  606            21           0              0.0
  607            21           0              0.0
  608            26           0              0.0
  609            28           0              0.0
  610            15           0              0.0
  611             7           0              0.0
  612            15           0              0.0
  613            19           0              0.0
  614            10           0              0.0
  615            23           0              0.0
  616            14           0              0.0
  617             9           0              0.0
  618             8           0              0.0
  619            30           0              0.0
  620            28           0              0.0
  621            12           0              0.0
  622             8           0              0.0
  623            12           0              0.0
  624             9           0              0.0
  625             5           0              0.0
  626            16           0              0.0
  627            19           0              0.0
  628            13           0              0.0
  629            17           0              0.0
  630            12           0              0.0
  631            14           0              0.0
  632             7           0              0.0
  633            22           0              0.0
  634            16           0              0.0
  635            23           0              0.0
  636            20           0              0.0
  637            14           0              0.0
  638            14           0              0.0
  639            14           0              0.0
  640            17           0              0.0
  641            19           0              0.0
  642            21           0              0.0
  643            20           0              0.0
  644             9           0              0.0
  645            11           0              0.0
  646             8           0              0.0
  647            21           0              0.0
  648            21           0              0.0
  649            18           0              0.0
  650            23           0              0.0
  651            21           0              0.0
  652            13           0              0.0
  653            17           0              0.0
  654            19           0              0.0
  655            18           0              0.0
  656            25           0              0.0
  657            25           0              0.0
  658            18           0              0.0
  659             9           0              0.0
  660            19           0              0.0
  661            17           0              0.0
  662            32           0              0.0
  663            30           0              0.0
  664            22           0              0.0
  665            19           0              0.0
  666            14           0              0.0
  667            24           0              0.0
  668            33           0              0.0
  669            26           0              0.0
  670            24           0              0.0
  671            27           0              0.0
  672            24           0              0.0
  673            17           0              0.0
  674            22           0              0.0
  675            31           0              0.0
  676            29           0              0.0
  677            25           0              0.0
  678            32           0              0.0
  679            19           0              0.0
  680            18           0              0.0
  681             8           0              0.0
  682            31           0              0.0
  683            32           0              0.0
  684            34           0              0.0
  685            19           0              0.0
  686            30           0              0.0
  687            17           0              0.0
  688            17           0              0.0
  689            29           0              0.0
  690            25           0              0.0
  691            14           0              0.0
  692            11           0              0.0
  693            18           0              0.0
  694            12           0              0.0
  695            12           0              0.0
  696            28           0              0.0
  697            33           0              0.0
  698            30           0              0.0
  699            26           0              0.0
  700            24           0              0.0
  701            17           0              0.0
  702             6           0              0.0
  703            23           0              0.0
  704            37           0              0.0
  705            22           0              0.0
  706            24           0              0.0
  707            19           0              0.0
  708            19           0              0.0
  709            14           0              0.0
  710            31           0              0.0
  711            24           0              0.0
  712            21           0              0.0
  713            13           0              0.0
  714            10           0              0.0
  715            11           0              0.0
  716            12           0              0.0
  717            15           0              0.0
  718            26           0              0.0
  719            19           0              0.0
  720             7           0              0.0
  721            19           0              0.0
  722            15           0              0.0
  723            11           0              0.0
  724            25           0              0.0
  725            27           0              0.0
  726             6           0              0.0
  727            22           0              0.0
  728            30           0              0.0
  729            21           0              0.0
  730            27           0              0.0
  731            30           0              0.0
  732            31           0              0.0
  733            29           0              0.0
  734            27           0              0.0
  735            15           0              0.0
  736            17           0              0.0
  737            24           0              0.0
  738            24           0              0.0
  739            17           0              0.0
  740            29           0              0.0
  741            37           0              0.0
  742            28           0              0.0
  743            18           0              0.0
  744            24           0              0.0
  745            31           0              0.0
  746            36           0              0.0
  747            33           0              0.0
  748            33           0              0.0
  749            44           0              0.0
  750            25           0              0.0
  751            30           0              0.0
  752            33           0              0.0
  753            38           0              0.0
  754            31           0              0.0
  755            29           0              0.0
  756            41           0              0.0
  757            23           0              0.0
  758            18           0              0.0
  759            20           0              0.0
  760            44           0              0.0
  761            34           0              0.0
  762            31           0              0.0
  763            34           0              0.0
  764            16           0              0.0
  765            19           0              0.0
  766            32           0              0.0
  767            31           0              0.0
  768            16           0              0.0
  769            18           0              0.0
  770            24           0              0.0
  771             7           0              0.0
  772            15           0              0.0
  773            16           0              0.0
  774            23           0              0.0
  775            22           0              0.0
  776            21           0              0.0
  777            20           0              0.0
  778            17           0              0.0
  779            27           0              0.0
  780            29           0              0.0
  781            29           0              0.0
  782            24           0              0.0
  783            24           0              0.0
  784            27           0              0.0
  785            28           0              0.0
  786            26           0              0.0
  787            35           0              0.0
  788            27           0              0.0
  789            36           0              0.0
  790            27           0              0.0
  791            30           0              0.0
  792            21           0              0.0
  793            20           0              0.0
  794            31           0              0.0
  795            31           0              0.0
  796            29           0              0.0
  797            22           0              0.0
  798            30           0              0.0
  799            25           0              0.0
  800            18           0              0.0
  801            21           0              0.0
  802            26           0              0.0
  803            26           0              0.0
  804            18           0              0.0
  805            18           0              0.0
  806            13           0              0.0
  807            14           0              0.0
  808            25           0              0.0
  809            26           0              0.0
  810            27           0              0.0
  811            23           0              0.0
  812            24           0              0.0
  813            24           0              0.0
  814            16           0              0.0
  815            19           0              0.0
  816            24           0              0.0
  817            27           0              0.0
  818            28           0              0.0
  819            18           0              0.0
  820            18           0              0.0
  821            12           0              0.0
  822            22           0              0.0
  823            27           0              0.0
  824            26           0              0.0
  825            22           0              0.0
  826            28           0              0.0
  827            13           0              0.0
  828            17           0              0.0
  829            34           0              0.0
  830            24           0              0.0
  831            22           0              0.0
  832            20           0              0.0
  833            23           0              0.0
  834            14           0              0.0
  835            18           0              0.0
  836            22           0              0.0
  837            30           0              0.0
  838            21           0              0.0
  839            26           0              0.0
  840            16           0              0.0
  841            19           0              0.0
  842            20           0              0.0
  843            19           0              0.0
  844            31           0              0.0
  845            23           0              0.0
  846            20           0              0.0
  847            22           0              0.0
  848             9           0              0.0
  849            15           0              0.0
  850            19           0              0.0
  851            32           0              0.0
  852            22           0              0.0
  853            25           0              0.0
  854            17           0              0.0
  855            10           0              0.0
  856            10           0              0.0
  857            27           0              0.0
  858            28           0              0.0
  859            26           0              0.0
  860            17           0              0.0
  861            27           0              0.0
  862            13           0              0.0
  863            18           0              0.0
  864            27           0              0.0
  865            41           0              0.0
  866            52           0              0.0
  867            35           0              0.0
  868            38           0              0.0
  869            27           0              0.0
  870            34           0              0.0
  871            40           0              0.0
  872            52           0              0.0
  873            37           0              0.0
  874            36           0              0.0
  875            33           0              0.0
  876            23           0              0.0
  877            22           0              0.0
  878            31           0              0.0
  879            38           0              0.0
  880            43           0              0.0
  881            37           0              0.0
  882            35           0              0.0
  883            28           0              0.0
  884            32           0              0.0
  885            39           0              0.0
  886            48           0              0.0
  887            39           0              0.0
  888            32           0              0.0
  889            35           0              0.0
  890            19           0              0.0
  891            20           0              0.0
  892            40           0              0.0
  893            41           0              0.0
  894            38           0              0.0
  895            31           0              0.0
  896            30           0              0.0
  897            31           0              0.0
  898            33           0              0.0
  899            39           0              0.0
  900            38           0              0.0
  901            37           0              0.0
  902            35           0              0.0
  903            29           0              0.0
  904            18           0              0.0
  905            25           0              0.0
  906            40           0              0.0
  907            44           0              0.0
  908            43           0              0.0
  909            33           0              0.0
  910            23           0              0.0
  911            21           0              0.0
  912            21           0              0.0
  913            23           0              0.0
  914            42           0              0.0
  915            37           0              0.0
  916            41           0              0.0
  917            30           0              0.0
  918            21           0              0.0
  919            23           0              0.0
  920            45           0              0.0
  921            42           0              0.0
  922            37           0              0.0
  923            36           0              0.0
  924            36           0              0.0
  925            24           0              0.0
  926            25           0              0.0
  927            45           0              0.0
  928            33           0              0.0
  929            42           0              0.0
  930            30           0              0.0
  931            35           0              0.0
  932            23           0              0.0
  933            26           0              0.0
  934            46           0              0.0
  935            42           0              0.0
  936            40           0              0.0
  937            39           0              0.0
  938            27           0              0.0
  939            14           0              0.0
  940            12           0              0.0
  941            25           0              0.0
  942            42           0              0.0
  943            36           0              0.0
  944            28           0              0.0
  945            33           0              0.0
  946            24           0              0.0
  947            21           0              0.0
  948            23           0              0.0
  949            35           0              0.0
  950            30           0              0.0
  951            27           0              0.0
  952            34           0              0.0
  953            20           0              0.0
  954            16           0              0.0
  955            32           0              0.0
  956            23           0              0.0
  957            23           0              0.0
  958            30           0              0.0
  959            23           0              0.0
  960            15           0              0.0
  961            18           0              0.0
  962            24           0              0.0
  963            35           0              0.0
  964            19           0              0.0
  965            40           0              0.0
  966            37           0              0.0
  967            18           0              0.0
  968            18           0              0.0
  969            36           0              0.0
  970            36           0              0.0
  971            31           0              0.0
  972            39           0              0.0
  973            34           0              0.0
  974            24           0              0.0
  975            17           0              0.0
  976            17           0              0.0
  977            39           0              0.0
  978            33           0              0.0
  979            34           0              0.0
  980            33           0              0.0
  981            19           0              0.0
  982            21           0              0.0
  983            22           0              0.0
  984            29           0              0.0
  985            32           0              0.0
  986            29           0              0.0
  987            24           0              0.0
  988            20           0              0.0
  989            17           0              0.0
  990            26           0              0.0
  991            40           0              0.0
  992            38           0              0.0
  993            41           0              0.0
  994            39           0              0.0
  995            21           0              0.0
  996            21           0              0.0
  997            40           0              0.0
  998            36           0              0.0
  999            36           0              0.0
 1000            33           0              0.0
 1001            17           0              0.0
 1002            16           0              0.0
 1003            18           0              0.0
 1004            33           0              0.0
 1005            34           0              0.0
 1006            28           0              0.0
 1007            33           0              0.0
 1008            34           0              0.0
 1009            32           0              0.0
 1010            19           0              0.0
 1011            37           0              0.0
 1012            30           0              0.0
 1013            34           0              0.0
 1014            32           0              0.0
 1015            26           0              0.0
 1016            23           0              0.0
 1017            20           0              0.0
 1018            43           0              0.0
 1019            44           0              0.0
 1020            38           0              0.0
 1021            40           0              0.0
 1022            27           0              0.0
 1023            25           0              0.0
 1024            34           0              0.0
 1025            32           0              0.0
 1026            42           0              0.0
 1027            37           0              0.0
 1028            32           0              0.0
 1029            29           0              0.0
 1030            21           0              0.0
 1031            23           0              0.0
 1032            50           0              0.0
 1033            41           0              0.0
 1034            31           0              0.0
 1035            34           0              0.0
 1036            34           0              0.0
 1037            29           0              0.0
 1038            31           0              0.0
 1039            45           0              0.0
 1040            33           0              0.0
 1041            33           0              0.0
 1042            39           0              0.0
 1043            35           0              0.0
 1044            22           0              0.0
 1045            32           0              0.0
 1046            43           0              0.0
 1047            45           0              0.0
 1048            50           0              0.0
 1049            39           0              0.0
 1050            34           0              0.0
 1051            32           0              0.0
 1052            30           0              0.0
 1053            54           0              0.0
 1054            38           0              0.0
 1055            33           0              0.0
 1056            16           0              0.0
 1057            32           0              0.0
 1058            28           0              0.0
 1059            31           0              0.0
 1060            35           0              0.0
 1061            44           0              0.0
 1062            39           0              0.0
 1063            35           0              0.0
 1064            25           0              0.0
 1065            24           0              0.0
 1066            28           0              0.0
 1067            40           0              0.0
 1068            41           0              0.0
 1069            41           0              0.0
 1070            29           0              0.0
 1071            34           0              0.0
 1072            26           0              0.0
 1073            20           0              0.0
 1074            32           0              0.0
 1075            37           0              0.0
 1076            35           0              0.0
 1077            39           0              0.0
 1078            49           0              0.0
 1079            29           0              0.0
 1080            33           0              0.0
 1081            49           0              0.0
 1082            50           0              0.0
 1083            48           0              0.0
 1084            42           0              0.0
 1085            36           0              0.0
 1086            33           0              0.0
 1087            34           0              0.0
 1088            51           0              0.0
 1089            47           0              0.0
 1090            60           0              0.0
 1091            47           0              0.0
 1092            45           0              0.0
 1093            46           0              0.0
 1094            39           0              0.0
 1095            57           0              0.0
 1096            58           0              0.0
 1097            66           0              0.0
 1098            66           0              0.0
 1099            57           0              0.0
 1100            60           0              0.0
 1101            56           0              0.0
 1102            71           0              0.0
 1103            58           0              0.0
 1104            51           0              0.0
 1105            43           0              0.0
 1106            97           0              0.0
 1107            77           0              0.0
 1108            32           0              0.0
 1109            29           0              0.0
 1110            58           0              0.0
 1111            73           0              0.0
 1112            65           0              0.0
 1113            65           0              0.0
 1114            64           0              0.0
 1115            63           0              0.0
 1116            55           0              0.0
 1117            56           0              0.0
 1118            71           0              0.0
 1119            68           0              0.0
 1120            59           0              0.0
 1121            58           0              0.0
 1122            48           0              0.0
 1123            46           0              0.0
 1124            44           0              0.0
 1125            58           0              0.0
 1126            69           0              0.0
 1127            58           0              0.0
 1128            54           0              0.0
 1129            46           0              0.0
 1130            43           0              0.0
 1131            50           0              0.0
 1132            61           0              0.0
 1133            54           0              0.0
 1134            61           0              0.0
 1135            67           0              0.0
 1136            61           0              0.0
 1137            47           0              0.0
 1138            51           0              0.0
 1139            50           0              0.0
 1140            59           0              0.0
 1141            68           0              0.0
 1142            63           0              0.0
 1143            60           0              0.0
 1144            42           0              0.0
 1145            59           0              0.0
 1146            60           0              0.0
 1147            60           0              0.0
 1148            63           0              0.0
 1149            59           0              0.0
 1150            47           0              0.0
 1151            45           0              0.0
 1152            43           0              0.0
 1153            61           0              0.0
 1154            46           0              0.0
 1155            47           0              0.0
 1156            55           0              0.0
 1157            46           0              0.0
 1158            41           0              0.0
 1159            43           0              0.0
 1160            64           0              0.0
 1161            59           0              0.0
 1162            55           0              0.0
 1163            56           0              0.0
 1164            53           0              0.0
 1165            37           0              0.0
 1166            37           0              0.0
 1167            55           0              0.0
 1168            65           0              0.0
 1169            53           0              0.0
 1170            56           0              0.0
 1171            44           0              0.0
 1172            47           0              0.0
 1173            37           0              0.0
 1174            47           0              0.0
 1175            37           0              0.0
 1176            24           0              0.0
 1177            52           0              0.0
 1178            39           0              0.0
 1179            34           0              0.0
 1180            70           0              0.0
 1181            62           0              0.0
 1182            82           0              0.0
 1183            48           0              0.0
 1184            43           0              0.0
 1185            36           0              0.0
 1186            31           0              0.0
 1187            53           0              0.0
 1188            62           0              0.0
 1189            65           0              0.0
 1190            49           0              0.0
 1191            51           0              0.0
 1192            43           0              0.0
 1193            40           0              0.0
 1194            54           0              0.0
 1195            52           0              0.0
 1196            51           0              0.0
 1197            40           0              0.0
 1198            41           0              0.0
 1199            36           0              0.0
 1200            43           0              0.0
 1201            60           0              0.0
 1202            60           0              0.0
 1203            49           0              0.0
 1204            48           0              0.0
 1205            37           0              0.0
 1206            46           0              0.0
 1207            32           0              0.0
 1208            61           0              0.0
 1209            55           0              0.0
 1210            53           0              0.0
 1211            49           0              0.0
 1212            41           0              0.0
 1213            35           0              0.0
 1214            44           0              0.0
 1215            51           0              0.0
 1216            47           0              0.0
 1217            51           0              0.0
 1218            39           0              0.0
 1219            41           0              0.0
 1220            43           0              0.0
 1221            41           0              0.0
 1222            61           0              0.0
 1223            63           0              0.0
 1224            44           0              0.0
 1225            52           0              0.0
 1226            40           0              0.0
 1227            27           0              0.0
 1228            36           0              0.0
 1229            57           0              0.0
 1230            55           0              0.0
 1231            50           0              0.0
 1232            49           0              0.0
 1233            42           0              0.0
 1234            34           0              0.0
 1235            31           0              0.0
 1236            41           0              0.0
 1237            78           0              0.0
 1238            74           0              0.0
 1239            80           0              0.0
 1240            66           0              0.0
 1241            62           0              0.0
 1242            68           0              0.0
 1243            74           0              0.0
 1244            73           0              0.0
 1245            73           0              0.0
 1246            70           0              0.0
 1247            71           0              0.0
 1248            66           0              0.0
 1249            66           0              0.0
 1250            66           0              0.0
 1251            78           0              0.0
 1252            69           0              0.0
 1253            61           0              0.0
 1254            63           0              0.0
 1255            61           0              0.0
 1256            64           0              0.0
 1257            75           0              0.0
 1258            78           0              0.0
 1259            73           0              0.0
 1260            65           0              0.0
 1261            63           0              0.0
 1262            60           0              0.0
 1263            72           0              0.0
 1264            79           0              0.0
 1265            80           0              0.0
 1266            77           0              0.0
 1267            77           0              0.0
 1268            70           0              0.0
 1269            54           0              0.0
 1270            55           0              0.0
 1271            55           0              0.0
 1272            79           0              0.0
 1273            78           0              0.0
 1274            80           0              0.0
 1275            69           0              0.0
 1276            63           0              0.0
 1277            51           0              0.0
 1278            75           0              0.0
 1279            77           0              0.0
 1280            65           0              0.0
 1281            69           0              0.0
 1282            64           0              0.0
 1283            55           0              0.0
 1284            55           0              0.0
 1285            66           0              0.0
 1286            69           0              0.0
 1287            68           0              0.0
 1288            65           0              0.0
 1289            63           0              0.0
 1290            44           0              0.0
 1291            51           0              0.0
 1292            58           0              0.0
 1293            60           0              0.0
 1294            69           0              0.0
 1295            69           0              0.0
 1296            57           0              0.0
 1297            49           0              0.0
 1298            53           0              0.0
 1299            73           0              0.0
 1300            61           0              0.0
 1301            57           0              0.0
 1302            56           0              0.0
 1303            58           0              0.0
 1304            47           0              0.0
 1305            53           0              0.0
 1306            65           0              0.0
 1307            69           0              0.0
 1308            59           0              0.0
 1309            59           0              0.0
 1310            60           0              0.0
 1311            47           0              0.0
 1312            57           0              0.0
 1313            66           0              0.0
 1314            67           0              0.0
 1315            59           0              0.0
 1316            59           0              0.0
 1317            64           0              0.0
 1318            54           0              0.0
 1319            56           0              0.0
 1320            70           0              0.0
 1321            63           0              0.0
 1322            67           0              0.0
 1323            61           0              0.0
 1324            72           0              0.0
 1325            56           0              0.0
 1326            65           0              0.0
 1327            65           0              0.0
 1328            70           0              0.0
 1329            65           0              0.0
 1330            63           0              0.0
 1331            64           0              0.0
 1332            52           0              0.0
 1333            61           0              0.0
 1334            59           0              0.0
 1335            73           0              0.0
 1336            68           0              0.0
 1337            61           0              0.0
 1338            70           0              0.0
 1339            57           0              0.0
 1340            66           0              0.0
 1341            74           0              0.0
 1342            74           0              0.0
 1343            69           0              0.0
 1344            68           0              0.0
 1345            68           0              0.0
 1346            69           0              0.0
 1347            60           0              0.0
 1348            75           0              0.0
 1349            77           0              0.0
 1350            68           0              0.0
 1351            71           0              0.0
 1352            70           0              0.0
 1353            50           0              0.0
 1354            71           0              0.0
 1355            89           0              0.0
 1356            68           0              0.0
 1357            71           0              0.0
 1358            68           0              0.0
 1359            62           0              0.0
 1360            53           0              0.0
 1361            57           0              0.0
 1362            68           0              0.0
 1363            65           0              0.0
 1364            68           0              0.0
 1365            67           0              0.0
 1366            67           0              0.0
 1367            59           0              0.0
 1368            56           0              0.0
 1369            81           0              0.0
 1370            70           0              0.0
 1371            69           0              0.0
 1372            65           0              0.0
 1373            67           0              0.0
 1374            56           0              0.0
 1375            69           0              0.0
 1376            75           0              0.0
 1377            78           0              0.0
 1378            67           0              0.0
 1379            63           0              0.0
 1380            75           0              0.0
 1381            62           0              0.0
 1382            69           0              0.0
 1383            71           0              0.0
 1384            74           0              0.0
 1385            68           0              0.0
 1386            66           0              0.0
 1387            60           0              0.0
 1388            51           0              0.0
 1389            63           0              0.0
 1390            63           0              0.0
 1391            55           0              0.0
 1392            53           0              0.0
 1393            44           0              0.0
 1394            51           0              0.0
 1395            44           0              0.0
 1396            44           0              0.0
 1397            61           0              0.0
 1398            61           0              0.0
 1399            53           0              0.0
 1400            51           0              0.0
 1401            49           0              0.0
 1402            40           0              0.0
 1403            38           0              0.0
 1404            46           0              0.0
 1405            57           0              0.0
 1406            41           0              0.0
 1407            46           0              0.0
 1408            37           0              0.0
 1409            42           0              0.0
 1410            34           0              0.0
 1411            48           0              0.0
 1412            43           0              0.0
 1413            30           0              0.0
 1414            19           0              0.0
 1415            37           0              0.0
 1416            28           0              0.0
 1417            43           0              0.0
 1418            51           0              0.0
 1419            45           0              0.0
 1420            24           0              0.0
 1421            37           0              0.0
 1422            30           0              0.0
 1423            28           0              0.0
 1424            29           0              0.0
 1425            39           0              0.0
 1426            42           0              0.0
 1427            39           0              0.0
 1428            17           0              0.0
 1429            28           0              0.0
 1430            25           0              0.0
 1431            25           0              0.0
 1432            31           0              0.0
 1433            39           0              0.0
 1434            33           0              0.0
 1435            24           0              0.0
 1436            26           0              0.0
 1437            29           0              0.0
 1438            29           0              0.0
 1439            31           0              0.0
 1440            34           0              0.0
 1441            25           0              0.0
 1442            21           0              0.0
 1443            18           0              0.0
 1444             7           0              0.0
 1445             7           0              0.0
 1446            27           0              0.0
 1447            31           0              0.0
 1448            35           0              0.0
 1449            43           0              0.0
 1450            37           0              0.0
 1451            21           0              0.0
