COVERAGE VIOLATION REPORT
================================================================================
Total demand pairs checked: 38186
Total violations: 38186
Overall violation ratio: 1.000000

Per-slot summary:
 slot  demand_pairs  violations  violation_ratio
    1             6           6              1.0
    2             4           4              1.0
    3             2           2              1.0
    4             2           2              1.0
    5             5           5              1.0
    6             2           2              1.0
    7             1           1              1.0
    8             1           1              1.0
    9             3           3              1.0
   10             2           2              1.0
   11             3           3              1.0
   12             1           1              1.0
   13             4           4              1.0
   14             3           3              1.0
   15             4           4              1.0
   16             3           3              1.0
   17             2           2              1.0
   18             1           1              1.0
   19             1           1              1.0
   20             3           3              1.0
   21             2           2              1.0
   22             3           3              1.0
   23             3           3              1.0
   24             2           2              1.0
   25             4           4              1.0
   26             2           2              1.0
   27             5           5              1.0
   28             2           2              1.0
   29             9           9              1.0
   30             4           4              1.0
   31             6           6              1.0
   32             4           4              1.0
   33             8           8              1.0
   34             1           1              1.0
   35             4           4              1.0
   36             8           8              1.0
   37             3           3              1.0
   38             3           3              1.0
   39             3           3              1.0
   40             6           6              1.0
   41             4           4              1.0
   42             6           6              1.0
   43             2           2              1.0
   44             1           1              1.0
   45             4           4              1.0
   46             5           5              1.0
   47             6           6              1.0
   48             2           2              1.0
   49             2           2              1.0
   50             4           4              1.0
   51             4           4              1.0
   52            11          11              1.0
   53             4           4              1.0
   54             1           1              1.0
   55             8           8              1.0
   56             4           4              1.0
   57             4           4              1.0
   58             7           7              1.0
   59             5           5              1.0
   60             4           4              1.0
   61             2           2              1.0
   62             2           2              1.0
   63             4           4              1.0
   64             6           6              1.0
   65            11          11              1.0
   66             9           9              1.0
   67            14          14              1.0
   68             7           7              1.0
   69             7           7              1.0
   70             9           9              1.0
   71             2           2              1.0
   72            10          10              1.0
   73             1           1              1.0
   74             2           2              1.0
   75             3           3              1.0
   76             1           1              1.0
   77             7           7              1.0
   78             3           3              1.0
   79            12          12              1.0
   80            10          10              1.0
   81             9           9              1.0
   82            10          10              1.0
   83             7           7              1.0
   84             1           1              1.0
   85             5           5              1.0
   86             5           5              1.0
   87             5           5              1.0
   88             4           4              1.0
   89             5           5              1.0
   90             7           7              1.0
   91             9           9              1.0
   92             9           9              1.0
   93             9           9              1.0
   94             7           7              1.0
   95             5           5              1.0
   96            11          11              1.0
   97             8           8              1.0
   98             5           5              1.0
   99             6           6              1.0
  100             3           3              1.0
  101             4           4              1.0
  102             4           4              1.0
  103             4           4              1.0
  104             1           1              1.0
  105            11          11              1.0
  106            12          12              1.0
  107             8           8              1.0
  108            11          11              1.0
  109             8           8              1.0
  110             4           4              1.0
  111             7           7              1.0
  112             6           6              1.0
  113             7           7              1.0
  114             9           9              1.0
  115            12          12              1.0
  116            10          10              1.0
  117             8           8              1.0
  118             6           6              1.0
  119             7           7              1.0
  120            11          11              1.0
  121             7           7              1.0
  122             9           9              1.0
  123             5           5              1.0
  124             3           3              1.0
  125             9           9              1.0
  126             7           7              1.0
  127             4           4              1.0
  128             2           2              1.0
  129             8           8              1.0
  130             4           4              1.0
  131             3           3              1.0
  132             5           5              1.0
  133             5           5              1.0
  134             4           4              1.0
  135            10          10              1.0
  136            10          10              1.0
  137             4           4              1.0
  138             5           5              1.0
  139             5           5              1.0
  140             2           2              1.0
  141             4           4              1.0
  142             5           5              1.0
  143             3           3              1.0
  144             5           5              1.0
  145             3           3              1.0
  146             1           1              1.0
  147             5           5              1.0
  148             5           5              1.0
  149             6           6              1.0
  150             4           4              1.0
  151             8           8              1.0
  152             7           7              1.0
  153             4           4              1.0
  154            12          12              1.0
  155             9           9              1.0
  156             5           5              1.0
  157             1           1              1.0
  158             3           3              1.0
  159             2           2              1.0
  160             6           6              1.0
  161             9           9              1.0
  162             5           5              1.0
  163             2           2              1.0
  164             8           8              1.0
  165             8           8              1.0
  166             4           4              1.0
  167             4           4              1.0
  168             6           6              1.0
  169             9           9              1.0
  170             8           8              1.0
  171            11          11              1.0
  172             6           6              1.0
  173             5           5              1.0
  174             7           7              1.0
  175            12          12              1.0
  176             9           9              1.0
  177             4           4              1.0
  178             6           6              1.0
  179             6           6              1.0
  180             2           2              1.0
  181             6           6              1.0
  182             7           7              1.0
  183             6           6              1.0
  184             7           7              1.0
  185             7           7              1.0
  186             6           6              1.0
  187             1           1              1.0
  188             4           4              1.0
  189             2           2              1.0
  190             7           7              1.0
  191             7           7              1.0
  192            14          14              1.0
  193             6           6              1.0
  194             4           4              1.0
  195             8           8              1.0
  196            10          10              1.0
  197            12          12              1.0
  198             3           3              1.0
  199             8           8              1.0
  200             6           6              1.0
  201             7           7              1.0
  202             8           8              1.0
  203             7           7              1.0
  204            11          11              1.0
  205             7           7              1.0
  206             2           2              1.0
  207             5           5              1.0
  208             5           5              1.0
  209             6           6              1.0
  210            11          11              1.0
  211             7           7              1.0
  212             3           3              1.0
  213             3           3              1.0
  214             5           5              1.0
  215             6           6              1.0
  216             9           9              1.0
  217            12          12              1.0
  218             8           8              1.0
  219            10          10              1.0
  220             6           6              1.0
  221             7           7              1.0
  222             9           9              1.0
  223            12          12              1.0
  224             7           7              1.0
  225             6           6              1.0
  226             6           6              1.0
  227             6           6              1.0
  228             8           8              1.0
  229             6           6              1.0
  230            11          11              1.0
  231             5           5              1.0
  232             9           9              1.0
  233             7           7              1.0
  234             7           7              1.0
  235             1           1              1.0
  236             6           6              1.0
  237             9           9              1.0
  238             9           9              1.0
  239             7           7              1.0
  240             4           4              1.0
  241             5           5              1.0
  242             7           7              1.0
  243             6           6              1.0
  244             4           4              1.0
  245             7           7              1.0
  246             6           6              1.0
  247            10          10              1.0
  248            12          12              1.0
  249             9           9              1.0
  250             8           8              1.0
  251             5           5              1.0
  252            14          14              1.0
  253            10          10              1.0
  254            13          13              1.0
  255             9           9              1.0
  256             3           3              1.0
  257             3           3              1.0
  258             8           8              1.0
  259             9           9              1.0
  260             4           4              1.0
  261            15          15              1.0
  262             7           7              1.0
  263            10          10              1.0
  264             8           8              1.0
  265            14          14              1.0
  266            21          21              1.0
  267             9           9              1.0
  268             6           6              1.0
  269            11          11              1.0
  270            12          12              1.0
  271             9           9              1.0
  272             6           6              1.0
  273            12          12              1.0
  274            13          13              1.0
  275             7           7              1.0
  276             8           8              1.0
  277             6           6              1.0
  278             8           8              1.0
  279            15          15              1.0
  280            11          11              1.0
  281            20          20              1.0
  282            23          23              1.0
  283            12          12              1.0
  284            15          15              1.0
  285             2           2              1.0
  286            12          12              1.0
  287            21          21              1.0
  288             8           8              1.0
  289            14          14              1.0
  290            11          11              1.0
  291            11          11              1.0
  292             6           6              1.0
  293             8           8              1.0
  294             9           9              1.0
  295            13          13              1.0
  296            12          12              1.0
  297            12          12              1.0
  298             5           5              1.0
  299             7           7              1.0
  300            15          15              1.0
  301            21          21              1.0
  302            16          16              1.0
  303            12          12              1.0
  304            14          14              1.0
  305             9           9              1.0
  306             7           7              1.0
  307            14          14              1.0
  308            15          15              1.0
  309            13          13              1.0
  310            14          14              1.0
  311            11          11              1.0
  312            12          12              1.0
  313             7           7              1.0
  314            15          15              1.0
  315            14          14              1.0
  316            11          11              1.0
  317             8           8              1.0
  318             9           9              1.0
  319             4           4              1.0
  320             9           9              1.0
  321            13          13              1.0
  322             6           6              1.0
  323             9           9              1.0
  324            10          10              1.0
  325            10          10              1.0
  326             5           5              1.0
  327             4           4              1.0
  328            11          11              1.0
  329            12          12              1.0
  330             6           6              1.0
  331             8           8              1.0
  332             7           7              1.0
  333             9           9              1.0
  334             7           7              1.0
  335             9           9              1.0
  336            12          12              1.0
  337            11          11              1.0
  338             5           5              1.0
  339            10          10              1.0
  340             5           5              1.0
  341             7           7              1.0
  342             8           8              1.0
  343            13          13              1.0
  344             8           8              1.0
  345            12          12              1.0
  346            11          11              1.0
  347             7           7              1.0
  348             9           9              1.0
  349            18          18              1.0
  350            10          10              1.0
  351             6           6              1.0
  352             1           1              1.0
  353             2           2              1.0
  354            12          12              1.0
  355             4           4              1.0
  356            10          10              1.0
  357             5           5              1.0
  358            12          12              1.0
  359             4           4              1.0
  360             5           5              1.0
  361             5           5              1.0
  362             7           7              1.0
  363             8           8              1.0
  364             3           3              1.0
  365             3           3              1.0
  366             2           2              1.0
  367             6           6              1.0
  368             6           6              1.0
  369             5           5              1.0
  370             4           4              1.0
  371             5           5              1.0
  372             4           4              1.0
  373             8           8              1.0
  374             8           8              1.0
  375             3           3              1.0
  376            10          10              1.0
  377             4           4              1.0
  378             8           8              1.0
  379             7           7              1.0
  380             9           9              1.0
  381             4           4              1.0
  382             8           8              1.0
  383            14          14              1.0
  384             4           4              1.0
  385             7           7              1.0
  386             5           5              1.0
  387            14          14              1.0
  388            10          10              1.0
  389             5           5              1.0
  390             7           7              1.0
  391            12          12              1.0
  392             3           3              1.0
  393             4           4              1.0
  394            13          13              1.0
  395             8           8              1.0
  396            12          12              1.0
  397             7           7              1.0
  398             8           8              1.0
  399             6           6              1.0
  400             6           6              1.0
  401             6           6              1.0
  402            14          14              1.0
  403            13          13              1.0
  404             8           8              1.0
  405             7           7              1.0
  406             5           5              1.0
  407            13          13              1.0
  408            24          24              1.0
  409            33          33              1.0
  410            34          34              1.0
  411            23          23              1.0
  412             8           8              1.0
  413             5           5              1.0
  414            10          10              1.0
  415            13          13              1.0
  416             9           9              1.0
  417            14          14              1.0
  418             1           1              1.0
  419            26          26              1.0
  420             9           9              1.0
  421            18          18              1.0
  422            10          10              1.0
  423            15          15              1.0
  424            10          10              1.0
  425            17          17              1.0
  426             6           6              1.0
  427             6           6              1.0
  428             4           4              1.0
  429             4           4              1.0
  430             9           9              1.0
  431             8           8              1.0
  432             4           4              1.0
  433             2           2              1.0
  434             5           5              1.0
  435             7           7              1.0
  436             6           6              1.0
  437             4           4              1.0
  438            10          10              1.0
  439             5           5              1.0
  440             6           6              1.0
  441            11          11              1.0
  442             8           8              1.0
  443            10          10              1.0
  444             9           9              1.0
  445            11          11              1.0
  446             8           8              1.0
  447            15          15              1.0
  448            15          15              1.0
  449             9           9              1.0
  450             9           9              1.0
  451            18          18              1.0
  452            11          11              1.0
  453             7           7              1.0
  454            10          10              1.0
  455            12          12              1.0
  456             1           1              1.0
  457             5           5              1.0
  458            18          18              1.0
  459             4           4              1.0
  460            10          10              1.0
  461            12          12              1.0
  462             9           9              1.0
  463             9           9              1.0
  464             4           4              1.0
  465            11          11              1.0
  466             9           9              1.0
  467             7           7              1.0
  468            12          12              1.0
  469             9           9              1.0
  470             5           5              1.0
  471             5           5              1.0
  472            12          12              1.0
  473            11          11              1.0
  474            23          23              1.0
  475            15          15              1.0
  476             9           9              1.0
  477             5           5              1.0
  478             6           6              1.0
  479            13          13              1.0
  480            15          15              1.0
  481            16          16              1.0
  482            11          11              1.0
  483             9           9              1.0
  484             7           7              1.0
  485             9           9              1.0
  486            13          13              1.0
  487            10          10              1.0
  488            25          25              1.0
  489             9           9              1.0
  490             9           9              1.0
  491            11          11              1.0
  492             4           4              1.0
  493             7           7              1.0
  494            19          19              1.0
  495            15          15              1.0
  496            10          10              1.0
  497            15          15              1.0
  498            13          13              1.0
  499             7           7              1.0
  500            16          16              1.0
  501            17          17              1.0
  502            19          19              1.0
  503            13          13              1.0
  504            18          18              1.0
  505             8           8              1.0
  506             8           8              1.0
  507            13          13              1.0
  508            17          17              1.0
  509            22          22              1.0
  510            19          19              1.0
  511            15          15              1.0
  512            14          14              1.0
  513            13          13              1.0
  514            12          12              1.0
  515            20          20              1.0
  516             9           9              1.0
  517            10          10              1.0
  518             9           9              1.0
  519             6           6              1.0
  520            13          13              1.0
  521            19          19              1.0
  522            16          16              1.0
  523            21          21              1.0
  524            12          12              1.0
  525            15          15              1.0
  526             6           6              1.0
  527             5           5              1.0
  528            16          16              1.0
  529            16          16              1.0
  530            10          10              1.0
  531            22          22              1.0
  532            14          14              1.0
  533             6           6              1.0
  534             7           7              1.0
  535            10          10              1.0
  536            14          14              1.0
  537            10          10              1.0
  538            13          13              1.0
  539             8           8              1.0
  540            11          11              1.0
  541             7           7              1.0
  542            15          15              1.0
  543            18          18              1.0
  544            18          18              1.0
  545            19          19              1.0
  546             6           6              1.0
  547             4           4              1.0
  548             6           6              1.0
  549            10          10              1.0
  550            17          17              1.0
  551            17          17              1.0
  552            11          11              1.0
  553            10          10              1.0
  554             3           3              1.0
  555             9           9              1.0
  556            15          15              1.0
  557            15          15              1.0
  558            11          11              1.0
  559             5           5              1.0
  560            16          16              1.0
  561            13          13              1.0
  562            12          12              1.0
  563            15          15              1.0
  564            15          15              1.0
  565            17          17              1.0
  566            20          20              1.0
  567            15          15              1.0
  568            10          10              1.0
  569             7           7              1.0
  570            16          16              1.0
  571            24          24              1.0
  572            18          18              1.0
  573            16          16              1.0
  574             9           9              1.0
  575             8           8              1.0
  576             5           5              1.0
  577            21          21              1.0
  578            29          29              1.0
  579            21          21              1.0
  580            18          18              1.0
  581            17          17              1.0
  582             6           6              1.0
  583             8           8              1.0
  584            20          20              1.0
  585            24          24              1.0
  586            21          21              1.0
  587            18          18              1.0
  588            20          20              1.0
  589            11          11              1.0
  590            10          10              1.0
  591            24          24              1.0
  592            29          29              1.0
  593            28          28              1.0
  594            12          12              1.0
  595            20          20              1.0
  596             7           7              1.0
  597            12          12              1.0
  598            28          28              1.0
  599            22          22              1.0
  600            22          22              1.0
  601            19          19              1.0
  602            17          17              1.0
  603            16          16              1.0
  604            15          15              1.0
  605            13          13              1.0
  606            21          21              1.0
  607            21          21              1.0
  608            26          26              1.0
  609            28          28              1.0
  610            15          15              1.0
  611             7           7              1.0
  612            15          15              1.0
  613            19          19              1.0
  614            10          10              1.0
  615            23          23              1.0
  616            14          14              1.0
  617             9           9              1.0
  618             8           8              1.0
  619            30          30              1.0
  620            28          28              1.0
  621            12          12              1.0
  622             8           8              1.0
  623            12          12              1.0
  624             9           9              1.0
  625             5           5              1.0
  626            16          16              1.0
  627            19          19              1.0
  628            13          13              1.0
  629            17          17              1.0
  630            12          12              1.0
  631            14          14              1.0
  632             7           7              1.0
  633            22          22              1.0
  634            16          16              1.0
  635            23          23              1.0
  636            20          20              1.0
  637            14          14              1.0
  638            14          14              1.0
  639            14          14              1.0
  640            17          17              1.0
  641            19          19              1.0
  642            21          21              1.0
  643            20          20              1.0
  644             9           9              1.0
  645            11          11              1.0
  646             8           8              1.0
  647            21          21              1.0
  648            21          21              1.0
  649            18          18              1.0
  650            23          23              1.0
  651            21          21              1.0
  652            13          13              1.0
  653            17          17              1.0
  654            19          19              1.0
  655            18          18              1.0
  656            25          25              1.0
  657            25          25              1.0
  658            18          18              1.0
  659             9           9              1.0
  660            19          19              1.0
  661            17          17              1.0
  662            32          32              1.0
  663            30          30              1.0
  664            22          22              1.0
  665            19          19              1.0
  666            14          14              1.0
  667            24          24              1.0
  668            33          33              1.0
  669            26          26              1.0
  670            24          24              1.0
  671            27          27              1.0
  672            24          24              1.0
  673            17          17              1.0
  674            22          22              1.0
  675            31          31              1.0
  676            29          29              1.0
  677            25          25              1.0
  678            32          32              1.0
  679            19          19              1.0
  680            18          18              1.0
  681             8           8              1.0
  682            31          31              1.0
  683            32          32              1.0
  684            34          34              1.0
  685            19          19              1.0
  686            30          30              1.0
  687            17          17              1.0
  688            17          17              1.0
  689            29          29              1.0
  690            25          25              1.0
  691            14          14              1.0
  692            11          11              1.0
  693            18          18              1.0
  694            12          12              1.0
  695            12          12              1.0
  696            28          28              1.0
  697            33          33              1.0
  698            30          30              1.0
  699            26          26              1.0
  700            24          24              1.0
  701            17          17              1.0
  702             6           6              1.0
  703            23          23              1.0
  704            37          37              1.0
  705            22          22              1.0
  706            24          24              1.0
  707            19          19              1.0
  708            19          19              1.0
  709            14          14              1.0
  710            31          31              1.0
  711            24          24              1.0
  712            21          21              1.0
  713            13          13              1.0
  714            10          10              1.0
  715            11          11              1.0
  716            12          12              1.0
  717            15          15              1.0
  718            26          26              1.0
  719            19          19              1.0
  720             7           7              1.0
  721            19          19              1.0
  722            15          15              1.0
  723            11          11              1.0
  724            25          25              1.0
  725            27          27              1.0
  726             6           6              1.0
  727            22          22              1.0
  728            30          30              1.0
  729            21          21              1.0
  730            27          27              1.0
  731            30          30              1.0
  732            31          31              1.0
  733            29          29              1.0
  734            27          27              1.0
  735            15          15              1.0
  736            17          17              1.0
  737            24          24              1.0
  738            24          24              1.0
  739            17          17              1.0
  740            29          29              1.0
  741            37          37              1.0
  742            28          28              1.0
  743            18          18              1.0
  744            24          24              1.0
  745            31          31              1.0
  746            36          36              1.0
  747            33          33              1.0
  748            33          33              1.0
  749            44          44              1.0
  750            25          25              1.0
  751            30          30              1.0
  752            33          33              1.0
  753            38          38              1.0
  754            31          31              1.0
  755            29          29              1.0
  756            41          41              1.0
  757            23          23              1.0
  758            18          18              1.0
  759            20          20              1.0
  760            44          44              1.0
  761            34          34              1.0
  762            31          31              1.0
  763            34          34              1.0
  764            16          16              1.0
  765            19          19              1.0
  766            32          32              1.0
  767            31          31              1.0
  768            16          16              1.0
  769            18          18              1.0
  770            24          24              1.0
  771             7           7              1.0
  772            15          15              1.0
  773            16          16              1.0
  774            23          23              1.0
  775            22          22              1.0
  776            21          21              1.0
  777            20          20              1.0
  778            17          17              1.0
  779            27          27              1.0
  780            29          29              1.0
  781            29          29              1.0
  782            24          24              1.0
  783            24          24              1.0
  784            27          27              1.0
  785            28          28              1.0
  786            26          26              1.0
  787            35          35              1.0
  788            27          27              1.0
  789            36          36              1.0
  790            27          27              1.0
  791            30          30              1.0
  792            21          21              1.0
  793            20          20              1.0
  794            31          31              1.0
  795            31          31              1.0
  796            29          29              1.0
  797            22          22              1.0
  798            30          30              1.0
  799            25          25              1.0
  800            18          18              1.0
  801            21          21              1.0
  802            26          26              1.0
  803            26          26              1.0
  804            18          18              1.0
  805            18          18              1.0
  806            13          13              1.0
  807            14          14              1.0
  808            25          25              1.0
  809            26          26              1.0
  810            27          27              1.0
  811            23          23              1.0
  812            24          24              1.0
  813            24          24              1.0
  814            16          16              1.0
  815            19          19              1.0
  816            24          24              1.0
  817            27          27              1.0
  818            28          28              1.0
  819            18          18              1.0
  820            18          18              1.0
  821            12          12              1.0
  822            22          22              1.0
  823            27          27              1.0
  824            26          26              1.0
  825            22          22              1.0
  826            28          28              1.0
  827            13          13              1.0
  828            17          17              1.0
  829            34          34              1.0
  830            24          24              1.0
  831            22          22              1.0
  832            20          20              1.0
  833            23          23              1.0
  834            14          14              1.0
  835            18          18              1.0
  836            22          22              1.0
  837            30          30              1.0
  838            21          21              1.0
  839            26          26              1.0
  840            16          16              1.0
  841            19          19              1.0
  842            20          20              1.0
  843            19          19              1.0
  844            31          31              1.0
  845            23          23              1.0
  846            20          20              1.0
  847            22          22              1.0
  848             9           9              1.0
  849            15          15              1.0
  850            19          19              1.0
  851            32          32              1.0
  852            22          22              1.0
  853            25          25              1.0
  854            17          17              1.0
  855            10          10              1.0
  856            10          10              1.0
  857            27          27              1.0
  858            28          28              1.0
  859            26          26              1.0
  860            17          17              1.0
  861            27          27              1.0
  862            13          13              1.0
  863            18          18              1.0
  864            27          27              1.0
  865            41          41              1.0
  866            52          52              1.0
  867            35          35              1.0
  868            38          38              1.0
  869            27          27              1.0
  870            34          34              1.0
  871            40          40              1.0
  872            52          52              1.0
  873            37          37              1.0
  874            36          36              1.0
  875            33          33              1.0
  876            23          23              1.0
  877            22          22              1.0
  878            31          31              1.0
  879            38          38              1.0
  880            43          43              1.0
  881            37          37              1.0
  882            35          35              1.0
  883            28          28              1.0
  884            32          32              1.0
  885            39          39              1.0
  886            48          48              1.0
  887            39          39              1.0
  888            32          32              1.0
  889            35          35              1.0
  890            19          19              1.0
  891            20          20              1.0
  892            40          40              1.0
  893            41          41              1.0
  894            38          38              1.0
  895            31          31              1.0
  896            30          30              1.0
  897            31          31              1.0
  898            33          33              1.0
  899            39          39              1.0
  900            38          38              1.0
  901            37          37              1.0
  902            35          35              1.0
  903            29          29              1.0
  904            18          18              1.0
  905            25          25              1.0
  906            40          40              1.0
  907            44          44              1.0
  908            43          43              1.0
  909            33          33              1.0
  910            23          23              1.0
  911            21          21              1.0
  912            21          21              1.0
  913            23          23              1.0
  914            42          42              1.0
  915            37          37              1.0
  916            41          41              1.0
  917            30          30              1.0
  918            21          21              1.0
  919            23          23              1.0
  920            45          45              1.0
  921            42          42              1.0
  922            37          37              1.0
  923            36          36              1.0
  924            36          36              1.0
  925            24          24              1.0
  926            25          25              1.0
  927            45          45              1.0
  928            33          33              1.0
  929            42          42              1.0
  930            30          30              1.0
  931            35          35              1.0
  932            23          23              1.0
  933            26          26              1.0
  934            46          46              1.0
  935            42          42              1.0
  936            40          40              1.0
  937            39          39              1.0
  938            27          27              1.0
  939            14          14              1.0
  940            12          12              1.0
  941            25          25              1.0
  942            42          42              1.0
  943            36          36              1.0
  944            28          28              1.0
  945            33          33              1.0
  946            24          24              1.0
  947            21          21              1.0
  948            23          23              1.0
  949            35          35              1.0
  950            30          30              1.0
  951            27          27              1.0
  952            34          34              1.0
  953            20          20              1.0
  954            16          16              1.0
  955            32          32              1.0
  956            23          23              1.0
  957            23          23              1.0
  958            30          30              1.0
  959            23          23              1.0
  960            15          15              1.0
  961            18          18              1.0
  962            24          24              1.0
  963            35          35              1.0
  964            19          19              1.0
  965            40          40              1.0
  966            37          37              1.0
  967            18          18              1.0
  968            18          18              1.0
  969            36          36              1.0
  970            36          36              1.0
  971            31          31              1.0
  972            39          39              1.0
  973            34          34              1.0
  974            24          24              1.0
  975            17          17              1.0
  976            17          17              1.0
  977            39          39              1.0
  978            33          33              1.0
  979            34          34              1.0
  980            33          33              1.0
  981            19          19              1.0
  982            21          21              1.0
  983            22          22              1.0
  984            29          29              1.0
  985            32          32              1.0
  986            29          29              1.0
  987            24          24              1.0
  988            20          20              1.0
  989            17          17              1.0
  990            26          26              1.0
  991            40          40              1.0
  992            38          38              1.0
  993            41          41              1.0
  994            39          39              1.0
  995            21          21              1.0
  996            21          21              1.0
  997            40          40              1.0
  998            36          36              1.0
  999            36          36              1.0
 1000            33          33              1.0
 1001            17          17              1.0
 1002            16          16              1.0
 1003            18          18              1.0
 1004            33          33              1.0
 1005            34          34              1.0
 1006            28          28              1.0
 1007            33          33              1.0
 1008            34          34              1.0
 1009            32          32              1.0
 1010            19          19              1.0
 1011            37          37              1.0
 1012            30          30              1.0
 1013            34          34              1.0
 1014            32          32              1.0
 1015            26          26              1.0
 1016            23          23              1.0
 1017            20          20              1.0
 1018            43          43              1.0
 1019            44          44              1.0
 1020            38          38              1.0
 1021            40          40              1.0
 1022            27          27              1.0
 1023            25          25              1.0
 1024            34          34              1.0
 1025            32          32              1.0
 1026            42          42              1.0
 1027            37          37              1.0
 1028            32          32              1.0
 1029            29          29              1.0
 1030            21          21              1.0
 1031            23          23              1.0
 1032            50          50              1.0
 1033            41          41              1.0
 1034            31          31              1.0
 1035            34          34              1.0
 1036            34          34              1.0
 1037            29          29              1.0
 1038            31          31              1.0
 1039            45          45              1.0
 1040            33          33              1.0
 1041            33          33              1.0
 1042            39          39              1.0
 1043            35          35              1.0
 1044            22          22              1.0
 1045            32          32              1.0
 1046            43          43              1.0
 1047            45          45              1.0
 1048            50          50              1.0
 1049            39          39              1.0
 1050            34          34              1.0
 1051            32          32              1.0
 1052            30          30              1.0
 1053            54          54              1.0
 1054            38          38              1.0
 1055            33          33              1.0
 1056            16          16              1.0
 1057            32          32              1.0
 1058            28          28              1.0
 1059            31          31              1.0
 1060            35          35              1.0
 1061            44          44              1.0
 1062            39          39              1.0
 1063            35          35              1.0
 1064            25          25              1.0
 1065            24          24              1.0
 1066            28          28              1.0
 1067            40          40              1.0
 1068            41          41              1.0
 1069            41          41              1.0
 1070            29          29              1.0
 1071            34          34              1.0
 1072            26          26              1.0
 1073            20          20              1.0
 1074            32          32              1.0
 1075            37          37              1.0
 1076            35          35              1.0
 1077            39          39              1.0
 1078            49          49              1.0
 1079            29          29              1.0
 1080            33          33              1.0
 1081            49          49              1.0
 1082            50          50              1.0
 1083            48          48              1.0
 1084            42          42              1.0
 1085            36          36              1.0
 1086            33          33              1.0
 1087            34          34              1.0
 1088            51          51              1.0
 1089            47          47              1.0
 1090            60          60              1.0
 1091            47          47              1.0
 1092            45          45              1.0
 1093            46          46              1.0
 1094            39          39              1.0
 1095            57          57              1.0
 1096            58          58              1.0
 1097            66          66              1.0
 1098            66          66              1.0
 1099            57          57              1.0
 1100            60          60              1.0
 1101            56          56              1.0
 1102            71          71              1.0
 1103            58          58              1.0
 1104            51          51              1.0
 1105            43          43              1.0
 1106            97          97              1.0
 1107            77          77              1.0
 1108            32          32              1.0
 1109            29          29              1.0
 1110            58          58              1.0
 1111            73          73              1.0
 1112            65          65              1.0
 1113            65          65              1.0
 1114            64          64              1.0
 1115            63          63              1.0
 1116            55          55              1.0
 1117            56          56              1.0
 1118            71          71              1.0
 1119            68          68              1.0
 1120            59          59              1.0
 1121            58          58              1.0
 1122            48          48              1.0
 1123            46          46              1.0
 1124            44          44              1.0
 1125            58          58              1.0
 1126            69          69              1.0
 1127            58          58              1.0
 1128            54          54              1.0
 1129            46          46              1.0
 1130            43          43              1.0
 1131            50          50              1.0
 1132            61          61              1.0
 1133            54          54              1.0
 1134            61          61              1.0
 1135            67          67              1.0
 1136            61          61              1.0
 1137            47          47              1.0
 1138            51          51              1.0
 1139            50          50              1.0
 1140            59          59              1.0
 1141            68          68              1.0
 1142            63          63              1.0
 1143            60          60              1.0
 1144            42          42              1.0
 1145            59          59              1.0
 1146            60          60              1.0
 1147            60          60              1.0
 1148            63          63              1.0
 1149            59          59              1.0
 1150            47          47              1.0
 1151            45          45              1.0
 1152            43          43              1.0
 1153            61          61              1.0
 1154            46          46              1.0
 1155            47          47              1.0
 1156            55          55              1.0
 1157            46          46              1.0
 1158            41          41              1.0
 1159            43          43              1.0
 1160            64          64              1.0
 1161            59          59              1.0
 1162            55          55              1.0
 1163            56          56              1.0
 1164            53          53              1.0
 1165            37          37              1.0
 1166            37          37              1.0
 1167            55          55              1.0
 1168            65          65              1.0
 1169            53          53              1.0
 1170            56          56              1.0
 1171            44          44              1.0
 1172            47          47              1.0
 1173            37          37              1.0
 1174            47          47              1.0
 1175            37          37              1.0
 1176            24          24              1.0
 1177            52          52              1.0
 1178            39          39              1.0
 1179            34          34              1.0
 1180            70          70              1.0
 1181            62          62              1.0
 1182            82          82              1.0
 1183            48          48              1.0
 1184            43          43              1.0
 1185            36          36              1.0
 1186            31          31              1.0
 1187            53          53              1.0
 1188            62          62              1.0
 1189            65          65              1.0
 1190            49          49              1.0
 1191            51          51              1.0
 1192            43          43              1.0
 1193            40          40              1.0
 1194            54          54              1.0
 1195            52          52              1.0
 1196            51          51              1.0
 1197            40          40              1.0
 1198            41          41              1.0
 1199            36          36              1.0
 1200            43          43              1.0
 1201            60          60              1.0
 1202            60          60              1.0
 1203            49          49              1.0
 1204            48          48              1.0
 1205            37          37              1.0
 1206            46          46              1.0
 1207            32          32              1.0
 1208            61          61              1.0
 1209            55          55              1.0
 1210            53          53              1.0
 1211            49          49              1.0
 1212            41          41              1.0
 1213            35          35              1.0
 1214            44          44              1.0
 1215            51          51              1.0
 1216            47          47              1.0
 1217            51          51              1.0
 1218            39          39              1.0
 1219            41          41              1.0
 1220            43          43              1.0
 1221            41          41              1.0
 1222            61          61              1.0
 1223            63          63              1.0
 1224            44          44              1.0
 1225            52          52              1.0
 1226            40          40              1.0
 1227            27          27              1.0
 1228            36          36              1.0
 1229            57          57              1.0
 1230            55          55              1.0
 1231            50          50              1.0
 1232            49          49              1.0
 1233            42          42              1.0
 1234            34          34              1.0
 1235            31          31              1.0
 1236            41          41              1.0
 1237            78          78              1.0
 1238            74          74              1.0
 1239            80          80              1.0
 1240            66          66              1.0
 1241            62          62              1.0
 1242            68          68              1.0
 1243            74          74              1.0
 1244            73          73              1.0
 1245            73          73              1.0
 1246            70          70              1.0
 1247            71          71              1.0
 1248            66          66              1.0
 1249            66          66              1.0
 1250            66          66              1.0
 1251            78          78              1.0
 1252            69          69              1.0
 1253            61          61              1.0
 1254            63          63              1.0
 1255            61          61              1.0
 1256            64          64              1.0
 1257            75          75              1.0
 1258            78          78              1.0
 1259            73          73              1.0
 1260            65          65              1.0
 1261            63          63              1.0
 1262            60          60              1.0
 1263            72          72              1.0
 1264            79          79              1.0
 1265            80          80              1.0
 1266            77          77              1.0
 1267            77          77              1.0
 1268            70          70              1.0
 1269            54          54              1.0
 1270            55          55              1.0
 1271            55          55              1.0
 1272            79          79              1.0
 1273            78          78              1.0
 1274            80          80              1.0
 1275            69          69              1.0
 1276            63          63              1.0
 1277            51          51              1.0
 1278            75          75              1.0
 1279            77          77              1.0
 1280            65          65              1.0
 1281            69          69              1.0
 1282            64          64              1.0
 1283            55          55              1.0
 1284            55          55              1.0
 1285            66          66              1.0
 1286            69          69              1.0
 1287            68          68              1.0
 1288            65          65              1.0
 1289            63          63              1.0
 1290            44          44              1.0
 1291            51          51              1.0
 1292            58          58              1.0
 1293            60          60              1.0
 1294            69          69              1.0
 1295            69          69              1.0
 1296            57          57              1.0
 1297            49          49              1.0
 1298            53          53              1.0
 1299            73          73              1.0
 1300            61          61              1.0
 1301            57          57              1.0
 1302            56          56              1.0
 1303            58          58              1.0
 1304            47          47              1.0
 1305            53          53              1.0
 1306            65          65              1.0
 1307            69          69              1.0
 1308            59          59              1.0
 1309            59          59              1.0
 1310            60          60              1.0
 1311            47          47              1.0
 1312            57          57              1.0
 1313            66          66              1.0
 1314            67          67              1.0
 1315            59          59              1.0
 1316            59          59              1.0
 1317            64          64              1.0
 1318            54          54              1.0
 1319            56          56              1.0
 1320            70          70              1.0
 1321            63          63              1.0
 1322            67          67              1.0
 1323            61          61              1.0
 1324            72          72              1.0
 1325            56          56              1.0
 1326            65          65              1.0
 1327            65          65              1.0
 1328            70          70              1.0
 1329            65          65              1.0
 1330            63          63              1.0
 1331            64          64              1.0
 1332            52          52              1.0
 1333            61          61              1.0
 1334            59          59              1.0
 1335            73          73              1.0
 1336            68          68              1.0
 1337            61          61              1.0
 1338            70          70              1.0
 1339            57          57              1.0
 1340            66          66              1.0
 1341            74          74              1.0
 1342            74          74              1.0
 1343            69          69              1.0
 1344            68          68              1.0
 1345            68          68              1.0
 1346            69          69              1.0
 1347            60          60              1.0
 1348            75          75              1.0
 1349            77          77              1.0
 1350            68          68              1.0
 1351            71          71              1.0
 1352            70          70              1.0
 1353            50          50              1.0
 1354            71          71              1.0
 1355            89          89              1.0
 1356            68          68              1.0
 1357            71          71              1.0
 1358            68          68              1.0
 1359            62          62              1.0
 1360            53          53              1.0
 1361            57          57              1.0
 1362            68          68              1.0
 1363            65          65              1.0
 1364            68          68              1.0
 1365            67          67              1.0
 1366            67          67              1.0
 1367            59          59              1.0
 1368            56          56              1.0
 1369            81          81              1.0
 1370            70          70              1.0
 1371            69          69              1.0
 1372            65          65              1.0
 1373            67          67              1.0
 1374            56          56              1.0
 1375            69          69              1.0
 1376            75          75              1.0
 1377            78          78              1.0
 1378            67          67              1.0
 1379            63          63              1.0
 1380            75          75              1.0
 1381            62          62              1.0
 1382            69          69              1.0
 1383            71          71              1.0
 1384            74          74              1.0
 1385            68          68              1.0
 1386            66          66              1.0
 1387            60          60              1.0
 1388            51          51              1.0
 1389            63          63              1.0
 1390            63          63              1.0
 1391            55          55              1.0
 1392            53          53              1.0
 1393            44          44              1.0
 1394            51          51              1.0
 1395            44          44              1.0
 1396            44          44              1.0
 1397            61          61              1.0
 1398            61          61              1.0
 1399            53          53              1.0
 1400            51          51              1.0
 1401            49          49              1.0
 1402            40          40              1.0
 1403            38          38              1.0
 1404            46          46              1.0
 1405            57          57              1.0
 1406            41          41              1.0
 1407            46          46              1.0
 1408            37          37              1.0
 1409            42          42              1.0
 1410            34          34              1.0
 1411            48          48              1.0
 1412            43          43              1.0
 1413            30          30              1.0
 1414            19          19              1.0
 1415            37          37              1.0
 1416            28          28              1.0
 1417            43          43              1.0
 1418            51          51              1.0
 1419            45          45              1.0
 1420            24          24              1.0
 1421            37          37              1.0
 1422            30          30              1.0
 1423            28          28              1.0
 1424            29          29              1.0
 1425            39          39              1.0
 1426            42          42              1.0
 1427            39          39              1.0
 1428            17          17              1.0
 1429            28          28              1.0
 1430            25          25              1.0
 1431            25          25              1.0
 1432            31          31              1.0
 1433            39          39              1.0
 1434            33          33              1.0
 1435            24          24              1.0
 1436            26          26              1.0
 1437            29          29              1.0
 1438            29          29              1.0
 1439            31          31              1.0
 1440            34          34              1.0
 1441            25          25              1.0
 1442            21          21              1.0
 1443            18          18              1.0
 1444             7           7              1.0
 1445             7           7              1.0
 1446            27          27              1.0
 1447            31          31              1.0
 1448            35          35              1.0
 1449            43          43              1.0
 1450            37          37              1.0
 1451            21          21              1.0

First violations:
 slot  dataset  attachment_point  requests  hop_budget min_hop                      reason
    1        2                 0         1           1     inf uncovered_within_hop_budget
    1        2                 2         1           1     inf uncovered_within_hop_budget
    1        4                 5         1           1     inf uncovered_within_hop_budget
    1        4                 7         1           1     inf uncovered_within_hop_budget
    1        4                 8         1           1     inf uncovered_within_hop_budget
    1        5                 9         1           1     inf uncovered_within_hop_budget
    2        2                 1         1           1     inf uncovered_within_hop_budget
    2        2                 2         1           1     inf uncovered_within_hop_budget
    2        2                 3         2           1     inf uncovered_within_hop_budget
    2        5                 7         1           1     inf uncovered_within_hop_budget
    3        2                 3         1           1     inf uncovered_within_hop_budget
    3        4                 3         1           1     inf uncovered_within_hop_budget
    4        2                 1         1           1     inf uncovered_within_hop_budget
    4        4                 1         2           1     inf uncovered_within_hop_budget
    5        2                 4         1           1     inf uncovered_within_hop_budget
    5        2                 6         1           1     inf uncovered_within_hop_budget
    5        2                 7         1           1     inf uncovered_within_hop_budget
    5        5                 4         1           1     inf uncovered_within_hop_budget
    5        6                 3         1           1     inf uncovered_within_hop_budget
    6        2                 4         1           1     inf uncovered_within_hop_budget
    6        4                 7         1           1     inf uncovered_within_hop_budget
    7        4                 4         1           1     inf uncovered_within_hop_budget
    8        6                 5         1           1     inf uncovered_within_hop_budget
    9        4                 1         1           1     inf uncovered_within_hop_budget
    9        4                 2         1           1     inf uncovered_within_hop_budget
    9        4                 8         1           1     inf uncovered_within_hop_budget
   10        3                 8         1           1     inf uncovered_within_hop_budget
   10        4                 3         1           1     inf uncovered_within_hop_budget
   11        4                 1         1           1     inf uncovered_within_hop_budget
   11        4                 2         1           1     inf uncovered_within_hop_budget
   11        5                 6         1           1     inf uncovered_within_hop_budget
   12        4                 3         1           1     inf uncovered_within_hop_budget
   13        3                 6         1           1     inf uncovered_within_hop_budget
   13        3                 8         1           1     inf uncovered_within_hop_budget
   13        4                 0         1           1     inf uncovered_within_hop_budget
   13        5                 8         1           1     inf uncovered_within_hop_budget
   14        2                 4         1           1     inf uncovered_within_hop_budget
   14        2                 9         1           1     inf uncovered_within_hop_budget
   14        4                 5         1           1     inf uncovered_within_hop_budget
   15        2                 6         1           1     inf uncovered_within_hop_budget
   15        4                 6         1           1     inf uncovered_within_hop_budget
   15        4                 2         2           1     inf uncovered_within_hop_budget
   15        5                 1         1           1     inf uncovered_within_hop_budget
   16        2                 0         1           1     inf uncovered_within_hop_budget
   16        2                 2         1           1     inf uncovered_within_hop_budget
   16        4                 5         1           1     inf uncovered_within_hop_budget
   17        4                 2         1           1     inf uncovered_within_hop_budget
   17        4                 3         1           1     inf uncovered_within_hop_budget
   18        4                 4         1           1     inf uncovered_within_hop_budget
   19        5                 2         1           1     inf uncovered_within_hop_budget
